x: 15.491284370422363
y: 9.38793659210205
theta: 1.5568146705627441
linear_velocity: 0.0
angular_velocity: 0.0
---
