x: 1.196656584739685
y: 14.772042274475098
theta: -2.443185329437256
linear_velocity: 0.0
angular_velocity: 0.0
---
