At time 1760631517.338521374
- Translation: [0.000, 0.000, 0.000]
- Rotation: in Quaternion [0.000, 0.000, 0.707, 0.707]
- Rotation: in RPY (radian) [0.000, -0.000, 1.571]
- Rotation: in RPY (degree) [0.000, -0.000, 89.998]
- Matrix:
  0.000 -1.000  0.000  0.000
  1.000  0.000  0.000  0.000
  0.000  0.000  1.000  0.000
  0.000  0.000  0.000  1.000
At time 1760631518.346727478
- Translation: [0.000, 0.000, 0.000]
- Rotation: in Quaternion [0.000, 0.000, 0.707, 0.707]
- Rotation: in RPY (radian) [0.000, -0.000, 1.571]
- Rotation: in RPY (degree) [0.000, -0.000, 89.998]
- Matrix:
  0.000 -1.000  0.000  0.000
  1.000  0.000  0.000  0.000
  0.000  0.000  1.000  0.000
  0.000  0.000  0.000  1.000
At time 1760631519.338598074
- Translation: [0.000, 0.000, 0.000]
- Rotation: in Quaternion [0.000, 0.000, 0.707, 0.707]
- Rotation: in RPY (radian) [0.000, -0.000, 1.571]
- Rotation: in RPY (degree) [0.000, -0.000, 89.998]
- Matrix:
  0.000 -1.000  0.000  0.000
  1.000  0.000  0.000  0.000
  0.000  0.000  1.000  0.000
  0.000  0.000  0.000  1.000
At time 1760631520.345833587
- Translation: [-0.788, 0.636, 0.000]
- Rotation: in Quaternion [0.000, 0.000, -0.071, 0.997]
- Rotation: in RPY (radian) [0.000, 0.000, -0.143]
- Rotation: in RPY (degree) [0.000, 0.000, -8.186]
- Matrix:
  0.990  0.142  0.000 -0.788
 -0.142  0.990 -0.000  0.636
 -0.000  0.000  1.000  0.000
  0.000  0.000  0.000  1.000
At time 1760631521.338117857
- Translation: [-1.694, 0.825, 0.000]
- Rotation: in Quaternion [0.000, 0.000, -0.459, 0.888]
- Rotation: in RPY (radian) [0.000, 0.000, -0.954]
- Rotation: in RPY (degree) [0.000, 0.000, -54.634]
- Matrix:
  0.579  0.815  0.000 -1.694
 -0.815  0.579 -0.000  0.825
 -0.000  0.000  1.000  0.000
  0.000  0.000  0.000  1.000
At time 1760631522.346075953
- Translation: [-1.423, 1.418, 0.000]
- Rotation: in Quaternion [0.000, 0.000, -0.686, 0.728]
- Rotation: in RPY (radian) [0.000, 0.000, -1.512]
- Rotation: in RPY (degree) [0.000, 0.000, -86.611]
- Matrix:
  0.059  0.998  0.000 -1.423
 -0.998  0.059 -0.000  1.418
 -0.000  0.000  1.000  0.000
  0.000  0.000  0.000  1.000
At time 1760631523.338288006
- Translation: [-1.037, 1.674, 0.000]
- Rotation: in Quaternion [0.000, 0.000, -0.781, 0.624]
- Rotation: in RPY (radian) [0.000, 0.000, -1.793]
- Rotation: in RPY (degree) [0.000, 0.000, -102.712]
- Matrix:
 -0.220  0.975  0.000 -1.037
 -0.975 -0.220 -0.000  1.674
 -0.000  0.000  1.000  0.000
  0.000  0.000  0.000  1.000
At time 1760631524.345970017
- Translation: [-0.801, 1.714, 0.000]
- Rotation: in Quaternion [0.000, 0.000, -0.797, 0.604]
- Rotation: in RPY (radian) [0.000, 0.000, -1.844]
- Rotation: in RPY (degree) [0.000, 0.000, -105.647]
- Matrix:
 -0.270  0.963  0.000 -0.801
 -0.963 -0.270 -0.000  1.714
 -0.000  0.000  1.000  0.000
  0.000  0.000  0.000  1.000
At time 1760631525.337651412
- Translation: [-1.579, 1.647, 0.000]
- Rotation: in Quaternion [0.000, 0.000, -0.681, 0.733]
- Rotation: in RPY (radian) [0.000, 0.000, -1.497]
- Rotation: in RPY (degree) [0.000, 0.000, -85.799]
- Matrix:
  0.073  0.997  0.000 -1.579
 -0.997  0.073 -0.000  1.647
 -0.000  0.000  1.000  0.000
  0.000  0.000  0.000  1.000
At time 1760631526.345892717
- Translation: [-1.944, 1.701, 0.000]
- Rotation: in Quaternion [0.000, 0.000, -0.597, 0.802]
- Rotation: in RPY (radian) [0.000, 0.000, -1.280]
- Rotation: in RPY (degree) [0.000, 0.000, -73.328]
- Matrix:
  0.287  0.958  0.000 -1.944
 -0.958  0.287 -0.000  1.701
 -0.000  0.000  1.000  0.000
  0.000  0.000  0.000  1.000
At time 1760631527.338152542
- Translation: [-3.175, 0.627, 0.000]
- Rotation: in Quaternion [0.000, 0.000, -0.337, 0.942]
- Rotation: in RPY (radian) [0.000, 0.000, -0.687]
- Rotation: in RPY (degree) [0.000, 0.000, -39.334]
- Matrix:
  0.773  0.634  0.000 -3.175
 -0.634  0.773 -0.000  0.627
 -0.000  0.000  1.000  0.000
  0.000  0.000  0.000  1.000
At time 1760631528.347057413
- Translation: [-2.687, 1.460, 0.000]
- Rotation: in Quaternion [0.000, 0.000, -0.441, 0.898]
- Rotation: in RPY (radian) [0.000, 0.000, -0.913]
- Rotation: in RPY (degree) [0.000, 0.000, -52.292]
- Matrix:
  0.612  0.791  0.000 -2.687
 -0.791  0.612 -0.000  1.460
 -0.000  0.000  1.000  0.000
  0.000  0.000  0.000  1.000
At time 1760631529.338907546
- Translation: [-1.250, 2.045, 0.000]
- Rotation: in Quaternion [0.000, 0.000, -0.698, 0.716]
- Rotation: in RPY (radian) [0.000, 0.000, -1.545]
- Rotation: in RPY (degree) [0.000, 0.000, -88.515]
- Matrix:
  0.026  1.000  0.000 -1.250
 -1.000  0.026 -0.000  2.045
 -0.000  0.000  1.000  0.000
  0.000  0.000  0.000  1.000
At time 1760631530.346584319
- Translation: [-1.744, 1.440, 0.000]
- Rotation: in Quaternion [0.000, 0.000, -0.691, 0.722]
- Rotation: in RPY (radian) [0.000, 0.000, -1.527]
- Rotation: in RPY (degree) [0.000, 0.000, -87.496]
- Matrix:
  0.044  0.999  0.000 -1.744
 -0.999  0.044 -0.000  1.440
 -0.000  0.000  1.000  0.000
  0.000  0.000  0.000  1.000
At time 1760631531.338492072
- Translation: [-0.225, 1.625, 0.000]
- Rotation: in Quaternion [0.000, 0.000, 0.879, -0.478]
- Rotation: in RPY (radian) [0.000, -0.000, -2.145]
- Rotation: in RPY (degree) [0.000, -0.000, -122.925]
- Matrix:
 -0.544  0.839  0.000 -0.225
 -0.839 -0.544  0.000  1.625
  0.000  0.000  1.000  0.000
  0.000  0.000  0.000  1.000
At time 1760631532.346213055
- Translation: [-2.373, 0.752, 0.000]
- Rotation: in Quaternion [0.000, 0.000, -0.572, 0.820]
- Rotation: in RPY (radian) [0.000, 0.000, -1.218]
- Rotation: in RPY (degree) [0.000, 0.000, -69.758]
- Matrix:
  0.346  0.938  0.000 -2.373
 -0.938  0.346 -0.000  0.752
 -0.000  0.000  1.000  0.000
  0.000  0.000  0.000  1.000
At time 1760631533.338037975
- Translation: [-3.457, -0.076, 0.000]
- Rotation: in Quaternion [0.000, 0.000, -0.206, 0.978]
- Rotation: in RPY (radian) [0.000, 0.000, -0.416]
- Rotation: in RPY (degree) [0.000, 0.000, -23.827]
- Matrix:
  0.915  0.404  0.000 -3.457
 -0.404  0.915 -0.000 -0.076
 -0.000  0.000  1.000  0.000
  0.000  0.000  0.000  1.000
At time 1760631534.345656779
- Translation: [-2.556, -1.832, 0.000]
- Rotation: in Quaternion [0.000, 0.000, 0.276, 0.961]
- Rotation: in RPY (radian) [0.000, -0.000, 0.559]
- Rotation: in RPY (degree) [0.000, -0.000, 32.040]
- Matrix:
  0.848 -0.531  0.000 -2.556
  0.531  0.848  0.000 -1.832
  0.000  0.000  1.000  0.000
  0.000  0.000  0.000  1.000
At time 1760631535.337848369
- Translation: [-2.412, 0.818, 0.000]
- Rotation: in Quaternion [0.000, 0.000, -0.141, 0.990]
- Rotation: in RPY (radian) [0.000, 0.000, -0.282]
- Rotation: in RPY (degree) [0.000, 0.000, -16.165]
- Matrix:
  0.960  0.278  0.000 -2.412
 -0.278  0.960 -0.000  0.818
 -0.000  0.000  1.000  0.000
  0.000  0.000  0.000  1.000
At time 1760631536.346405218
- Translation: [-2.822, 0.864, 0.000]
- Rotation: in Quaternion [0.000, 0.000, -0.216, 0.976]
- Rotation: in RPY (radian) [0.000, 0.000, -0.436]
- Rotation: in RPY (degree) [0.000, 0.000, -24.986]
- Matrix:
  0.906  0.422  0.000 -2.822
 -0.422  0.906 -0.000  0.864
 -0.000  0.000  1.000  0.000
  0.000  0.000  0.000  1.000
At time 1760631537.338134874
- Translation: [1.006, 1.345, 0.000]
- Rotation: in Quaternion [0.000, 0.000, 0.914, -0.406]
- Rotation: in RPY (radian) [0.000, -0.000, -2.305]
- Rotation: in RPY (degree) [0.000, -0.000, -132.049]
- Matrix:
 -0.670  0.743  0.000  1.006
 -0.743 -0.670  0.000  1.345
  0.000  0.000  1.000  0.000
  0.000  0.000  0.000  1.000
At time 1760631538.346067897
- Translation: [-0.473, 0.709, 0.000]
- Rotation: in Quaternion [0.000, 0.000, 0.944, -0.330]
- Rotation: in RPY (radian) [0.000, -0.000, -2.469]
- Rotation: in RPY (degree) [0.000, -0.000, -141.463]
- Matrix:
 -0.782  0.623  0.000 -0.473
 -0.623 -0.782  0.000  0.709
  0.000  0.000  1.000  0.000
  0.000  0.000  0.000  1.000
At time 1760631539.338290985
- Translation: [-1.567, -0.178, 0.000]
- Rotation: in Quaternion [0.000, 0.000, -0.567, 0.823]
- Rotation: in RPY (radian) [0.000, 0.000, -1.207]
- Rotation: in RPY (degree) [0.000, 0.000, -69.152]
- Matrix:
  0.356  0.935  0.000 -1.567
 -0.935  0.356 -0.000 -0.178
 -0.000  0.000  1.000  0.000
  0.000  0.000  0.000  1.000
At time 1760631540.346576574
- Translation: [-2.615, -0.655, 0.000]
- Rotation: in Quaternion [0.000, 0.000, 0.025, 1.000]
- Rotation: in RPY (radian) [0.000, -0.000, 0.050]
- Rotation: in RPY (degree) [0.000, -0.000, 2.880]
- Matrix:
  0.999 -0.050  0.000 -2.615
  0.050  0.999  0.000 -0.655
  0.000  0.000  1.000  0.000
  0.000  0.000  0.000  1.000
At time 1760631541.338367791
- Translation: [-1.636, -0.377, 0.000]
- Rotation: in Quaternion [0.000, 0.000, 0.125, 0.992]
- Rotation: in RPY (radian) [0.000, -0.000, 0.251]
- Rotation: in RPY (degree) [0.000, -0.000, 14.370]
- Matrix:
  0.969 -0.248  0.000 -1.636
  0.248  0.969  0.000 -0.377
  0.000  0.000  1.000  0.000
  0.000  0.000  0.000  1.000
At time 1760631542.345626202
- Translation: [-0.817, -0.178, 0.000]
- Rotation: in Quaternion [0.000, 0.000, 0.113, 0.994]
- Rotation: in RPY (radian) [0.000, -0.000, 0.226]
- Rotation: in RPY (degree) [0.000, -0.000, 12.962]
- Matrix:
  0.975 -0.224  0.000 -0.817
  0.224  0.975  0.000 -0.178
  0.000  0.000  1.000  0.000
  0.000  0.000  0.000  1.000
